0	0.5003635390946074	0.5004502993170128	0.5004643485571204	0.5004022613514219
50	0.4852419138283695	0.4853548748274323	0.4853539152270547	0.4852622158212636
100	0.4663763279597005	0.4665178096833133	0.4664747110231551	0.4664002452622423
150	0.4549133623007987	0.45509635840632884	0.45504822143749873	0.4549614537533985
200	0.44352791631451477	0.44370576829974767	0.44363003736076667	0.44351904291371946
250	0.43123414457792864	0.4314302036969189	0.43133842541106576	0.43124910857275495
300	0.42620515072507825	0.4264206873804221	0.4263206661361677	0.42623223322359644
350	0.41831143286424444	0.4185169272522765	0.41841039294493376	0.4183180801344271
400	0.418099552349138	0.41829895248289034	0.41819466237203806	0.4180938268891208
450	0.41016525830234846	0.41037038130299636	0.4102454865187779	0.410155131447928
500	0.40607479133622726	0.40629189401506804	0.4061730844068867	0.4060742394844272
550	0.4028287351073629	0.4030537754295538	0.4029236479504261	0.4028409709537051
600	0.4035578237827669	0.40374497236848844	0.4036122963878894	0.40353561729175275
650	0.39732086380280324	0.39753269086173487	0.39740218772164726	0.39731443353829243
700	0.3865656917101035	0.3868083862425526	0.3866620880700335	0.3865584371292269
750	0.38897976431319203	0.3891878062656941	0.3890668610581557	0.38896742679491014
800	0.3902673080866851	0.39043868487965955	0.39034470032208873	0.3902420726416817
850	0.39114402638714924	0.3913230671788073	0.3911993784508585	0.39111363461299453
900	0.3912521644909964	0.3914297855947975	0.39132609558349707	0.39122855637153814
950	0.3968016669115638	0.39694950365684395	0.3968511593687997	0.39677034521127635
1000	0.3797218813808569	0.37991970864368974	0.37981290085196456	0.3797163599084501
1050	0.3785967469060712	0.3787799512047923	0.37865877432503464	0.37857111135036925
1100	0.3762813618305938	0.3764694426757196	0.37634398599494595	0.3762533229094929
1150	0.3784107256745664	0.378548599151405	0.37845156719244777	0.3783804599921196
1200	0.38565749292317114	0.3857801529453984	0.38569351892461073	0.3856296969831814
1250	0.37549915409629614	0.3756951477467135	0.3755825208283098	0.3755104261450124
1300	0.37421588169725145	0.374404676594055	0.3742732141159774	0.3742048236652134
1350	0.38579121924286164	0.38590887890353676	0.38584116328872775	0.38578036246106956
1400	0.3739971098693588	0.3741659664007799	0.3740514419256112	0.37397633164057814
1450	0.3829459952713917	0.3831114617164525	0.38301769147695286	0.382962280075257
1500	0.39563189073858535	0.3957091120558175	0.3956342789561462	0.39559319768040546
