0	0.4959548094030563	0.49604800285223866	0.4960350585031384	0.4959863637546648
50	0.8944271909999159	0.8944271909999159	0.8944271909999159	0.8944271909999159
100	0.8944271909999159	0.8944271909999159	0.8944271909999159	0.8944271909999159
150	0.8944271909999159	0.8944271909999159	0.8944271909999159	0.8944271909999159
200	0.8944271909999159	0.8944271909999159	0.8944271909999159	0.8944271909999159
250	0.8944271909999159	0.8944271909999159	0.8944271909999159	0.8944271909999159
300	0.8944271909999159	0.8944271909999159	0.8944271909999159	0.8944271909999159
350	0.8944271909999159	0.8944271909999159	0.8944271909999159	0.8944271909999159
400	0.8944271909999159	0.8944271909999159	0.8944271909999159	0.8944271909999159
450	0.8944271909999159	0.8944271909999159	0.8944271909999159	0.8944271909999159
500	0.8944271909999159	0.8944271909999159	0.8944271909999159	0.8944271909999159
550	0.8944271909999159	0.8944271909999159	0.8944271909999159	0.8944271909999159
600	0.8944271909999159	0.8944271909999159	0.8944271909999159	0.8944271909999159
650	0.8944271909999159	0.8944271909999159	0.8944271909999159	0.8944271909999159
700	0.8944271909999159	0.8944271909999159	0.8944271909999159	0.8944271909999159
750	0.8944271909999159	0.8944271909999159	0.8944271909999159	0.8944271909999159
800	0.8944271909999159	0.8944271909999159	0.8944271909999159	0.8944271909999159
850	0.8944271909999159	0.8944271909999159	0.8944271909999159	0.8944271909999159
900	0.8944271909999159	0.8944271909999159	0.8944271909999159	0.8944271909999159
950	0.8944271909999159	0.8944271909999159	0.8944271909999159	0.8944271909999159
1000	0.8944271909999159	0.8944271909999159	0.8944271909999159	0.8944271909999159
