0.5511688952214987	0.5511089869453566	0.5512219411779239	0.5512569987817039
0.5175055755733272	0.5174490889367461	0.5175551742737202	0.5175881878868973
0.5547828871930133	0.5547230315654481	0.5548366726961106	0.554872098253847


0.5583733182607025	0.5583135418149247	0.558427739216241	0.5584634007896139




0.3700089032729801	0.3702265644237971	0.370051391255651	0.36992956726062276




0.37183045150865024	0.3720503996802487	0.3718830055693279	0.371766631767225

0.3694239215880027	0.36966565807504237	0.36948818114354137	0.36936174113562276
0.3703707160803345	0.37062561301943786	0.3704376401002651	0.37029855032406717
0.3723577936633171	0.37261889195944936	0.3724147115807961	0.3722745904186233
0.37860879079300136	0.3788983325980172	0.37868761186556626	0.3785249550606029
