0	0.4990210467210223	0.4991136593021153	0.4991276387292967	0.4990685514878989
50	0.47626453362654136	0.47637875237920824	0.47632171708890475	0.4762622110711997
100	0.45614110680025544	0.45629710358674225	0.45625098336276576	0.45616296060065165
150	0.440349580640358	0.44056964186755393	0.4404959712963249	0.4403996430019858
200	0.4350837618755972	0.4352450808674572	0.435167835250725	0.4350631358206039
250	0.4277696025657037	0.4279543428984544	0.42786553287069995	0.4277700213349178
300	0.4105089204641663	0.4107483481521313	0.41063094292734753	0.41051961048905455
350	0.40761570827368687	0.4078699504467809	0.40777165669677834	0.40764387144066133
400	0.4134230551457429	0.4136346477086349	0.4135359391606138	0.4134261589712697
450	0.4085024797786878	0.40868757967676744	0.40857210005671296	0.4084826422867873
500	0.40586820764420817	0.40600947192133185	0.4059179108663971	0.4058197547053262
550	0.3837521219075201	0.3839965643414341	0.38385349199909846	0.3837405024814127
600	0.3887604626422662	0.3889559744621817	0.38883655207201817	0.3887491320105378
650	0.4053500665029225	0.4055208586341524	0.40541672035998594	0.4053474416080914
700	0.39676216385451224	0.3969250882734969	0.39682778453881246	0.3967467751284788
750	0.3772945027173774	0.37755591088590346	0.37741403259709727	0.3773095653849642
800	0.3876895160125279	0.3878713787982465	0.3877782951627792	0.38769085645071344
850	0.37662311824716005	0.37684841543402303	0.3767178990801889	0.3766334609029162
900	0.3793895918717104	0.37954245120086016	0.37942504394089555	0.3793437275392746
950	0.3743322714277216	0.37449400803231103	0.37438746513109394	0.3742965827182684
1000	0.3743482003068262	0.3745122662317031	0.37440284287953984	0.3743194062512748
