0	0.49810179378472597	0.4981901647476385	0.4981859180957421	0.498136850804487
50	0.48068729023489987	0.4807996626200029	0.480764817007198	0.48070176311417345
100	0.4619323278886668	0.46208063047330916	0.46202823222232736	0.4619441098771521
150	0.4465257338503115	0.44671657426105793	0.4466481845223145	0.44657803715264
200	0.4401203973803373	0.4402685680548001	0.44020960096180384	0.4400948326345972
250	0.42553343365684515	0.42574851366289934	0.4256385152030807	0.4255214400624412
300	0.4128914609005649	0.41311661781277215	0.4129881194165832	0.4128802325885458
350	0.4103520972109308	0.4105781905563506	0.4104686096297169	0.4103576189687558
400	0.4031238630652736	0.4033668172191587	0.4032263848723364	0.40313391313993224
450	0.4055934327307565	0.4057749565857221	0.40567404351992453	0.4055527070444625
500	0.40680378942792267	0.4069989027694131	0.40689255097987387	0.40679700854133566
550	0.39296820552721007	0.3932139996580713	0.3930816981830987	0.3929787585638968
600	0.39238654023973396	0.39255671811495474	0.39246026940008244	0.39235302072809264
650	0.3965596552311743	0.3967419643742998	0.3966544997699841	0.3965775627958578
700	0.3869837267170549	0.3871483043465652	0.3870428015543191	0.386940289741541
750	0.3939730027267156	0.39411678048960325	0.39403319381188134	0.39394997069727694
800	0.38355795798312176	0.3837521437387054	0.38365280599850293	0.38356111641701546
850	0.39388769293463693	0.3940128741792429	0.3939380770296296	0.3938495884834748
900	0.386937962408484	0.3871148048301312	0.38701977157332307	0.3869390665192253
950	0.38283147050645594	0.38299716844040527	0.3829007240957075	0.3828176985993362
1000	0.39066917845228794	0.3908171777084131	0.39072963484346573	0.3906656552162924
