0	0.4962858998499646	0.49628642719425053	0.4962837642252894	0.49626311242372306
50	0.4845460020483	0.4845865069709962	0.4845559458481696	0.4845151045835188
100	0.4740386087127306	0.47413359442704855	0.4740941574620656	0.47401837839663047
150	0.4620097329910164	0.4620907531045713	0.4620110844925163	0.4619753113890133
200	0.4554598807774288	0.4555937255097246	0.4554877229248037	0.45541213409851306
250	0.4470444779023229	0.44719381428039967	0.44705391661374333	0.4469892022933161
300	0.44027771264263993	0.4404326808421872	0.4403097946240031	0.4402029609889163
350	0.43266566046190547	0.43287452906112617	0.4327220046026882	0.4326200521347068
400	0.4273763648804624	0.42753144947659855	0.4274038787863107	0.42726652866841774
450	0.42060278751516145	0.42080264761561004	0.4206461910306513	0.4205142365710357
500	0.4200601226829237	0.42028767995051564	0.4201238098880549	0.4199938121714252
550	0.4125631198616191	0.4128346339213365	0.41263115147074486	0.4124869741942559
600	0.4090993156645513	0.4093460898798762	0.4091446869913788	0.4090096926828253
650	0.40358189160613184	0.4038082221195005	0.4036021704651655	0.40343508329947997
700	0.4079395783272665	0.408201517809702	0.4080200572643029	0.407881619374989
750	0.40981030679921554	0.410014923303908	0.4098756118302905	0.40972821537974585
800	0.4016324767049594	0.40180551752495786	0.4016525238566183	0.4014936000058598
850	0.40814897033205877	0.4084325778125498	0.4082728647046376	0.40816373628001695
900	0.40117069896400354	0.4015248359479421	0.40131138379735937	0.40118624613784704
950	0.3868837076425754	0.3871800656140808	0.3869505533516103	0.3867724040347023
1000	0.3876485250104519	0.388008681665415	0.3877710824990238	0.3876025305852465
1050	0.39774453417475863	0.39798069365061156	0.3978010125310027	0.3976728677929067
1100	0.3964120251769887	0.39667257119274485	0.39647881149509345	0.39635592157584004
1150	0.3854121895122631	0.3857373541714396	0.38551802007561625	0.38535992476556225
1200	0.3860018999828632	0.38627840431725713	0.3860526348620442	0.3859188742759126
1250	0.3879187716271798	0.3881868911894203	0.38798271354106906	0.38783595806342697
1300	0.3912934553480055	0.3915739268887953	0.3913952297354321	0.39127036105185087
1350	0.3816764743587322	0.3819167521327878	0.3817173864046193	0.38156260878443976
1400	0.39316507156568714	0.39336956654780925	0.3931995321213582	0.39308327839920965
1450	0.38019410523817093	0.38048567300501496	0.38027782455912135	0.3801269987293997
1500	0.3960383920294852	0.3961610460027791	0.39604036295197725	0.39592937281757135
1550	0.386497946946741	0.3867159984775887	0.386531993111359	0.3864008772531185
1600	0.3937992258214496	0.39398649386266454	0.39383454192842066	0.39373808896339973
1650	0.38154113926129407	0.3818331118830825	0.3816224828652378	0.3815119459307166
1700	0.3748878846737579	0.3751291925522861	0.37491749501246935	0.3747676489466113
1750	0.37378535900364523	0.37399005058903223	0.37379088013332423	0.3736434523875021
1800	0.3996162439322111	0.3997441260775214	0.39964079888007625	0.3995760359367776
1850	0.37853324730849486	0.37877827652199136	0.3786139854628902	0.3784864964593586
1900	0.3718278950309672	0.372142934988747	0.3719437304182533	0.371798028974875
1950	0.3895195617154345	0.3896893918211986	0.3895782051593702	0.38947304093831475
2000	0.3891432296692693	0.3893477418767551	0.3892169636532191	0.38912133939429144
2050	0.3890006613084911	0.38913774750182806	0.38901207522224845	0.3889240237531496
2100	0.3852505630006475	0.3853750936812426	0.385231015868281	0.3851461016779271
2150	0.3702595889910718	0.37053319316417943	0.3703562868880033	0.37021035903259814
2200	0.3699295789820181	0.3701706791176064	0.370014597415631	0.36987656085596776
2250	0.39409934510281946	0.3942622486762951	0.39413758138362043	0.39409795443937023
2300	0.3842167155039785	0.3844173766629608	0.3842911170845831	0.38420567323992955
2350	0.36960390998138076	0.3697656789693642	0.3695830457246614	0.36946891089309875
2400	0.37855803613205724	0.37877551435498363	0.37863647636158587	0.37855410825236646
2450	0.3721718111119474	0.3724075379841483	0.3722739734462428	0.3721569908541925
2500	0.3775009407109151	0.37765158292809453	0.3775060353755879	0.37741266222346187
2550	0.373815727495131	0.3740163263077058	0.3738951454776968	0.3737716792743307
2600	0.36186329327578	0.36208628237208257	0.3619212425184822	0.36176977907397584
2650	0.3684376597038756	0.36858306972263155	0.36843005890923847	0.3683163960126976
2700	0.38316690045112783	0.3833379964719162	0.38322389213287394	0.3831593956285824
2750	0.3714168917872366	0.3715584724239486	0.3714147150191211	0.3713201815721094
2800	0.3918583624979174	0.3919448214912345	0.39186342322488993	0.39180354449076793
2850	0.37764289608687335	0.377732730141701	0.37762763153986695	0.37753548211215915
2900	0.38903983867655045	0.3890987193010182	0.38902315755275174	0.38895610139525494
2950	0.3890033683012966	0.38903054359910866	0.38895360815361035	0.3889131737981243
3000	0.3887635170961194	0.38879263083003	0.3887129487592243	0.3886613731775187
3050	0.37964440129445837	0.3797619613582576	0.3796509211794277	0.3796139573207926
3100	0.37043889844024586	0.3706386356531436	0.37051518451820287	0.3704384847905053
3150	0.3769235489265384	0.3770414280727597	0.3769633708392145	0.3768818046884168
3200	0.3947690098112623	0.3948417779281523	0.39477117559053115	0.3947506857451667
3250	0.3914532346395518	0.39152494404702987	0.39145723658314824	0.3914155710946902
3300	0.370248345016596	0.37033991478743306	0.3702344810045149	0.3701491337345087
3350	0.37921517199274196	0.37927517322681836	0.37917619942949776	0.37913795922603305
3400	0.37939029107465266	0.3793608557997574	0.37928882344960696	0.37921975870710845
3450	0.3699199439543311	0.3699910753353887	0.36988847828202254	0.3698247460885997
3500	0.39652752295788146	0.3965727976325715	0.39653837398933484	0.3965305174513072
3550	0.3719705229129503	0.37206365538941644	0.37196672859602764	0.3719124774161317
3600	0.3797175139580039	0.37976820335868045	0.37970430015187984	0.37964274664526554
3650	0.37778531364982293	0.37786489228771225	0.3778073549793648	0.3777540164028978
3700	0.3857318745633881	0.3857926768191326	0.38573561025451686	0.38571727604512
3750	0.3648315406463891	0.3650231143112325	0.3649103326164326	0.36482264098427686
3800	0.39373768198558395	0.39376043335454985	0.3937347652270485	0.39370999804685386
3850	0.37972025135667997	0.37981249970648745	0.37975294616264427	0.3797023020314842
3900	0.38396098452817917	0.38397373564932125	0.3839218821476118	0.3838937319504917
3950	0.3648762928526711	0.3649639124995478	0.36487979829795397	0.3647973672563935
4000	0.3794695609419923	0.3795108143427814	0.37944069311789264	0.3793947195244317
4050	0.36932643146340555	0.3693918204551678	0.36928676815431827	0.36924584237398156
4100	0.38349393037751944	0.38348178395219806	0.38342412294437733	0.38341323666806604
4150	0.38574996575133036	0.3858542212834953	0.38582278074065696	0.3858182647507622
4200	0.3915674760140222	0.391570872406272	0.39152461662014504	0.3915054474735546
4250	0.3713143727786228	0.37138327262956294	0.37130840053046754	0.371285030409993
4300	0.38146681839098606	0.38156198029162625	0.381511205245444	0.38146977817282535
4350	0.38308332730098754	0.383109816958668	0.3830650111241271	0.3830464053072502
4400	0.378305050315556	0.3783653821950363	0.3783178611002312	0.3782685579970888
4450	0.37832476400778264	0.3783914850929786	0.3783331077797018	0.37830282494657236
4500	0.3932578114634405	0.3933294125822834	0.39328595987100917	0.3932766897005448
4550	0.36710024914117984	0.36708571147728364	0.3670343171421178	0.3669706120054076
4600	0.36156766848493394	0.3616798043916968	0.36160562762188847	0.36153483557511606
4650	0.3641818533864473	0.3641974913357017	0.36410741708290045	0.36404298870029855
4700	0.38332871106737104	0.38337575438421545	0.3833407898412993	0.3833255557306602
4750	0.3753893393257192	0.3754329474120221	0.37535632985184797	0.3753585338556608
4800	0.38141801128251196	0.38145879358779483	0.3814072152608035	0.381391590948835
4850	0.3833312922298578	0.3833832773000361	0.38335250428451934	0.38333910463364157
4900	0.3793253760333771	0.37932115158660296	0.3792789375528188	0.3792426945596931
4950	0.38369863907518154	0.38371757002340545	0.3836941606451008	0.38369195050257476
5000	0.3644411997851193	0.3645336901308524	0.3644462829524543	0.3644003444164093
5050	0.37734007204487224	0.3773411188745478	0.377291316036806	0.37724352512787723
5100	0.37060237966471565	0.37068790156743314	0.3706253676806874	0.3706088293445108
5150	0.37668314023354	0.37677178780282533	0.37672638345658543	0.3766810912422344
5200	0.3639132317940626	0.36391383033440255	0.36384995264819003	0.36379954366038536
5250	0.3682822097554393	0.36833607084137243	0.3682862435591497	0.3682588760050956
5300	0.3705686014194333	0.37064197753282946	0.37058786907968133	0.37058668280225315
5350	0.38134101325469827	0.3813627952063747	0.38134016174369445	0.3813112198035236
5400	0.3813786270815699	0.38146377562045464	0.3814259769910865	0.38141058942008826
5450	0.3759888026562001	0.37612792311096876	0.3760742059232532	0.37602912110340997
5500	0.37054203174715045	0.37059624420741955	0.3705546791140626	0.37053443612120085
5550	0.3704503814736937	0.37050219446210264	0.3704336495303499	0.3704184648276532
5600	0.40469938005464806	0.40469342537876757	0.4046862568571537	0.4046805557991907
5650	0.3764568333913389	0.3764872786274545	0.37643629853522875	0.3763968567684466
5700	0.3677560850619201	0.3678577716202032	0.3678105390145671	0.36776758538714527
5750	0.38987978703735005	0.38990199403806064	0.3898675863861851	0.38984481463036386
5800	0.3761813620043676	0.37627939721496	0.3762186378104355	0.376172230026519
5850	0.3963546450039352	0.39633402628698633	0.39631350564856865	0.39632389841980237
5900	0.3832520077470588	0.38327531811213694	0.38327152841049184	0.3832620526963899
5950	0.3811795461186754	0.3812241900713117	0.38118542745295636	0.3811661955734731
6000	0.3655391512525731	0.36556602941405214	0.36552159284377556	0.3654834489658333
6050	0.3788966571890867	0.37895429303699624	0.3789145686807144	0.3788857400592392
6100	0.37856513732828523	0.37870426921085554	0.3786512040557135	0.3786289984677076
6150	0.35888641592244513	0.3588888753517543	0.3588180255029682	0.35875970931303724
6200	0.364348689038251	0.3644505857064575	0.3643983295036499	0.3643621020981203
6250	0.36744340677612186	0.36753323989842435	0.36747521278212725	0.36744437424619786
6300	0.37843212447158736	0.3784627781810249	0.37843183487492776	0.37840974632815944
6350	0.3815394864462548	0.3815899174175976	0.3815511605872863	0.381545704059386
6400	0.3903013188675608	0.3902934617738065	0.39027844877823203	0.3903178934730558
6450	0.35947465706501625	0.3595637408750263	0.35950174587019346	0.35944669669654583
6500	0.3674067473868031	0.36746033417643886	0.36741707859293365	0.3674057988034025
6550	0.3812862599683395	0.3813774715195287	0.38136873517329073	0.38135031937670394
6600	0.38143531737779257	0.3814747397614798	0.38146497401526935	0.381455948158049
6650	0.39920965508708045	0.39914764676481745	0.3991216225601865	0.39910178991845235
6700	0.3845915938344915	0.38456273545075054	0.3845779306574558	0.384627128376031
6750	0.3595962284705633	0.3596926895190277	0.3596248073380504	0.35956367916696635
6800	0.37918012168238874	0.37916974088907995	0.3791835984503439	0.37922417473441106
6850	0.3636465586451731	0.3636808902633769	0.36362291559808085	0.36360580905551726
6900	0.40179222453525437	0.40180881986911215	0.4017805164187188	0.40176973837989444
6950	0.37081657332963947	0.3708640355250623	0.3708420696832895	0.3708471590644738
7000	0.3703747671420214	0.3704030467781659	0.37040077941192323	0.37038377463123817
7050	0.3719586098826786	0.3720744503506563	0.3720325325214056	0.37198456692686793
7100	0.36742020381558355	0.36742994659469286	0.36738395507866783	0.36737857067111707
7150	0.3842514733876293	0.38426085515150005	0.3842565107305393	0.3842646886362427
7200	0.3704089176077983	0.3704515725928382	0.37042147441121287	0.37043157376929053
7250	0.36383981593686027	0.3639000513764316	0.3638728217556292	0.3638427861172417
7300	0.3612355097969269	0.3612647769259323	0.361233124273935	0.36118821419838704
7350	0.35874296206468553	0.35874267022817746	0.3586775357219713	0.3586318172337237
7400	0.36994515020452146	0.36997655244116745	0.3699668439343776	0.3699632032488083
7450	0.36401510632836204	0.3640987780182459	0.36405790645266656	0.3640242571544741
7500	0.372663541822307	0.3727364883604577	0.3727059203321732	0.3726487852400653
7550	0.3787330056945758	0.3786562151470065	0.3786650002607908	0.37870666239255524
7600	0.3670698439995876	0.3671666099098307	0.3671612595435594	0.3671387281889474
7650	0.37876837221559756	0.37878919518816356	0.37875841355337464	0.378739410148012
7700	0.3645776827904713	0.364611338617028	0.36456965646177	0.3645531136438769
7750	0.3810764482960535	0.38106667570699243	0.3810634897034614	0.38105388490906283
7800	0.3647524151359251	0.364765191448308	0.36472800949449885	0.3647067533599732
7850	0.36169164698141276	0.36166703618286433	0.36165083689180744	0.3616250160348206
7900	0.3643186955750286	0.364348070388844	0.3643112490669474	0.3642832168335345
7950	0.39491773604888936	0.3949067091244685	0.3949111985498024	0.3949017091862099
8000	0.37532335598857497	0.37530575903041075	0.37527838628571103	0.3752495032151281
8050	0.36990535459522983	0.36986198687376254	0.3698493714362256	0.3698604613100686
8100	0.3721133481750987	0.3721437263482949	0.3721281080819147	0.3721524035003596
8150	0.3832825897469198	0.38334439746555704	0.3833325860872341	0.383348366886405
8200	0.37887432185675507	0.3789032227609414	0.3788854125375557	0.37887407939434276
8250	0.37900875623488983	0.37904289189741686	0.37902631626015487	0.37901747007577224
8300	0.3949080830992385	0.3949764689456784	0.39497519895522415	0.3949890474656987
8350	0.3669150342324871	0.36691694784370055	0.36689341664196995	0.3668977556451808
8400	0.37232964749285546	0.3722489203782002	0.3722635906509487	0.37229373798960097
8450	0.3735479244875761	0.3736453337710711	0.3735925245761619	0.3735869030609421
8500	0.3691458934920447	0.3692023728139486	0.36918235489241596	0.3691835474959347
8550	0.3641631355698809	0.36413978853335904	0.3641034831193312	0.36409301311940523
8600	0.36117798643853494	0.3611973908098191	0.3611747661016461	0.361127720204714
8650	0.3610546523785034	0.3611088936560047	0.36106360803809856	0.36102009887049374
8700	0.37568765625396633	0.37570621303679036	0.3756939776879668	0.3756561213455144
8750	0.37007727612943	0.37004271811121037	0.3700274951359851	0.3700418016705467
8800	0.3815723991899399	0.3815640864983572	0.38155541775153134	0.38155785268199854
8850	0.38497253914540736	0.3849726585026643	0.38498343116391553	0.38498343926207446
8900	0.36680891121082193	0.3668094058468603	0.36678807927340934	0.366779585905409
8950	0.36681555133566895	0.36683246057132096	0.3668118739826453	0.3668080530968389
9000	0.3588518469519291	0.3589320977101464	0.3588694588403047	0.35882469911246556
9050	0.37464288409575763	0.374620453509086	0.37457843830350906	0.374550981343636
9100	0.36996683527666585	0.36994643957068674	0.36992459269928124	0.36995097360410895
9150	0.37319734675503113	0.3731974972769127	0.3731965373782589	0.37322933896659016
9200	0.3814776294227867	0.3814263630190259	0.3814271475803089	0.3814190459353282
9250	0.39313985354670544	0.3931287761720514	0.393174396777776	0.393222867026423
9300	0.3603973154559423	0.3604888576286536	0.3604635233438864	0.36041258698847534
9350	0.38391505448339897	0.3839466654366001	0.3839419245914086	0.38395791979159427
9400	0.37571044915724167	0.37565995361505955	0.37565847111199774	0.37570039567411273
9450	0.38150826306680113	0.3814995457535808	0.3815059192310513	0.3815049290655488
9500	0.378158550699827	0.3781911339762989	0.3781758799231313	0.37816192374672974
9550	0.38865202491898115	0.3885493640612019	0.38857971507723127	0.38861070695210664
9600	0.37413167436975786	0.37408672050740627	0.3740988113797708	0.3741337542210063
9650	0.36671464528560727	0.3667446061157197	0.36671613434492345	0.366738973168994
9700	0.3628767646622607	0.36295288942223275	0.3629001638579916	0.3628799922647964
9750	0.38902203826724135	0.3889287884447426	0.38895537053176693	0.388999361351221
9800	0.3777602035835876	0.3777915031016407	0.3777663549208131	0.3777424906673522
9850	0.3709770281967513	0.37087827728221606	0.37089402443074143	0.370914573153867
9900	0.35341724863543644	0.35342512138264126	0.3533452612735986	0.35329456810356685
9950	0.37346162823799856	0.3734715135807396	0.3734284676891003	0.3733949531130887
10000	0.36689370599233456	0.36690375595771574	0.36687582083395615	0.36689365708314725
