0	0.4910447610385607	0.4911227780753742	0.49111240525038913	0.49104143565217373
50	0.4751833150252558	0.47530934949740145	0.47525922093681	0.4751926373585728
100	0.46056774100886755	0.46075388842216586	0.4606829773386265	0.4606218421495345
150	0.4470908338745625	0.44727532269220693	0.4471981622743657	0.44710813819231077
200	0.43579070176810236	0.43602201771206317	0.4359017581908975	0.435822904592351
250	0.42776164910961023	0.4279705121198516	0.4278810826566558	0.4277752224146644
300	0.42426193423090175	0.4244732297340658	0.4243834969770641	0.42427282985954
350	0.41840310819952015	0.41861192145219195	0.4185036536759255	0.4184041598906614
400	0.41541152323423475	0.415641058556567	0.4155117423848681	0.41540949484164547
450	0.4077988419355079	0.408066221162646	0.4079415896037211	0.4078251665456247
500	0.3997991981081559	0.40002612255380327	0.39989842111164253	0.3997796587868124
550	0.4104972154842407	0.41066744803799055	0.4105593744191452	0.4104759685045179
600	0.3938829426162825	0.3941178950709352	0.3939971654204227	0.39388002941180156
650	0.39676684982320726	0.3969619106353298	0.39683946460604314	0.3967394465109868
700	0.3886201368041296	0.388884391689961	0.38874530586644296	0.3886392440774452
750	0.3867465435194754	0.3869372810628605	0.3868188676722539	0.3867127576429482
800	0.3860550056646311	0.3862786627365512	0.3861603673609547	0.38606073913493033
850	0.4025139441515367	0.4026289256579843	0.40255192241571913	0.40248199587599404
900	0.396167741855906	0.39632583915096364	0.39621590203599494	0.3961367427366968
950	0.39342769237232966	0.39355289735486776	0.39347129115117063	0.39340158793942803
1000	0.3958329777633538	0.39598134414944425	0.39589506034749333	0.3958201172767056
1050	0.3779294279914814	0.3781574232583105	0.37804447267811997	0.37795602919618876
1100	0.3877681834438694	0.38792312201350676	0.38781729910421275	0.38774613748390047
1150	0.37552386530548504	0.3756736579795071	0.3755494614304727	0.3754708786560766
1200	0.3746663326599647	0.37484814948005885	0.3747380108319676	0.37466984725616137
1250	0.386342494704752	0.38648658345090486	0.3864035006426939	0.38632894018113956
1300	0.38387063740733746	0.3840206492723398	0.38391701137463147	0.38385392224456405
1350	0.3875853045918741	0.3876906285999335	0.38760933151788396	0.3875461741114777
1400	0.3693998075043518	0.36961738935564614	0.36950365597836804	0.3694280084662961
1450	0.3699771273524194	0.3701501560817052	0.3700541051047715	0.3699857005424183
1500	0.4008320757544085	0.40095081748206735	0.40088838296607776	0.4008391684018762
1550	0.3900847966279492	0.39018105340354575	0.3900930309220389	0.390050763480101
1600	0.3779872586869062	0.3781493066369505	0.3780469788627037	0.37798558251186415
1650	0.3713163281109701	0.37141902207165806	0.37134037069848563	0.37129013361889446
1700	0.39376360070985966	0.39382841599393403	0.393773756864968	0.39373641189540914
1750	0.370992548177625	0.37112104942253654	0.3710413733670341	0.37098297613721465
1800	0.37353755172216996	0.37363089846375075	0.3735843556424596	0.3735326620462615
1850	0.36951336741824986	0.36962129128328386	0.36953570937064617	0.3694711491327168
1900	0.3693602790470369	0.3694974199659512	0.36941043758051456	0.3693609242439376
1950	0.36886413924393996	0.36898987918517784	0.3689026474004014	0.3688568999666171
2000	0.36858160302017495	0.3686829241417116	0.3686131544530081	0.3685544912026495
2050	0.3724960543470353	0.3725578170581527	0.3725091878196477	0.3724722162443991
2100	0.38244353554520405	0.3825119136402014	0.3824541383549175	0.38242205531292905
2150	0.370758278692856	0.37085934607546395	0.37080038560203044	0.3707556761035248
2200	0.3737323677975203	0.3737820278803014	0.37375323386982867	0.3737160094474293
2250	0.36672748673008215	0.3668423923010106	0.3667690697003976	0.36671837250339046
2300	0.37016066957554494	0.37025307963860954	0.37019257809483236	0.3701528750650058
2350	0.37225422264425634	0.37233510967478695	0.37228824944369265	0.3722540206179603
2400	0.38227038288516085	0.3822976169153091	0.38226952080638155	0.3822458008562643
2450	0.3943458474014866	0.3943843007452144	0.39436558508001834	0.39434117063684215
2500	0.3642466093646098	0.3643490079654278	0.3642652700033718	0.3642233005751168
2550	0.3697193984331002	0.3697385760892503	0.36971534677194545	0.36967635567776436
2600	0.3695382568601738	0.3696002777649251	0.3695429867317084	0.3695042943811033
2650	0.3789752260525075	0.3790475449504943	0.37899914888392033	0.3789731762321905
2700	0.4013350951551212	0.4013424725590097	0.4013386491041315	0.40134910599764967
2750	0.3898232541707446	0.3898150230513814	0.38979857395725115	0.3897921928574653
2800	0.40391059378894467	0.40395639885473733	0.4039261700896793	0.40391451012890844
2850	0.3819456082411547	0.38194777594942986	0.3819076667433202	0.38190190238200067
2900	0.36600156696055247	0.366099327963835	0.3660658426133322	0.36603454965496446
2950	0.3880088824763248	0.38810950665947236	0.38805519031422203	0.3880243842967736
3000	0.37847430553371786	0.37855763294760736	0.37851011112651084	0.378489190456655
3050	0.406986229317439	0.40702158110654424	0.40700245216490755	0.40698558745174196
3100	0.3714920660570548	0.371532126868647	0.3714989377971243	0.3714770291239869
3150	0.36525583367707676	0.3653010613993488	0.36525596042980013	0.36522275205510585
3200	0.3816984798252578	0.38173851644158385	0.381714813096504	0.3816986041952132
3250	0.38189962077516093	0.3818814977035362	0.38187214617396786	0.38185202363114396
3300	0.3785308203006739	0.3785926654378861	0.37854623423826095	0.3785221687970608
3350	0.38190618247809704	0.38193112480518615	0.38190191285134295	0.3818909487139257
3400	0.37398750732182034	0.3740869197906739	0.37402719451840644	0.37398873861916193
3450	0.3818642976036943	0.3818783957076158	0.3818621603871646	0.3818556548712528
3500	0.3605220561233999	0.36062604725394287	0.36056210555846624	0.36052201963877145
3550	0.3849524347283938	0.3849409001685089	0.38493245888207	0.3849312080556879
3600	0.3622262567685925	0.36231639261104936	0.36225064829494674	0.3622216002963318
3650	0.374379311899523	0.3744775379454385	0.3744099788215317	0.37437994712663714
3700	0.3795133521774572	0.3794330754664389	0.3794771628989934	0.37949686897098256
3750	0.37944331862696373	0.37947282502372076	0.37943526879242806	0.379425645492816
3800	0.36434424694651374	0.36439117215948813	0.3643313117351859	0.36430876575132787
3850	0.3922316257727595	0.3922817825124969	0.3922386967589128	0.39221202225139734
3900	0.37187744528203065	0.3718704063901159	0.371868911761665	0.3718690458526246
3950	0.370398107113832	0.37039863052431393	0.3703887638783843	0.370381101553607
4000	0.36776677526430696	0.3677931584978763	0.36777932188262064	0.36776214645838773
4050	0.3813591342284957	0.38139207921290164	0.3813735328632658	0.38136677069253855
4100	0.36764027097856705	0.36764609977501667	0.36762314624052705	0.3676079127724459
4150	0.3676064413029608	0.36757762479749073	0.36756997131153957	0.3675508738385047
4200	0.363597937515509	0.3636363524465732	0.3635968406169101	0.3635880607673853
4250	0.38183502771942074	0.3818663154489344	0.38184940094790154	0.3818424729948766
4300	0.3784925191994449	0.37848956035983666	0.37847558338501597	0.3784586644032477
4350	0.37605929768897134	0.3760890056550566	0.37604989661193094	0.3760157883140302
4400	0.36965931103972427	0.36966700925716184	0.36966523065721185	0.3696643511605309
4450	0.37786163413999496	0.37792830251720433	0.37789181473196554	0.3778597276099379
4500	0.36920289786633	0.3691817045355051	0.3691847599163712	0.3691774590393685
4550	0.37919759167141376	0.3792082954341449	0.3791748727317047	0.37916012829905427
4600	0.38334372012570145	0.38334849819245775	0.3833477541670788	0.383342845247687
4650	0.3652901021056778	0.3653380689712037	0.36531026738872735	0.3652998037282763
4700	0.3791294632161662	0.37912354289518935	0.3790966843375498	0.379090106199699
4750	0.3811863551856958	0.38119218316363046	0.38118054551884795	0.381174419582861
4800	0.36478830244087945	0.3648736915764365	0.3648356954509911	0.364819193574436
4850	0.36481282996095665	0.36487222092780197	0.3648325364294439	0.3648051921844102
4900	0.37473654631534226	0.3747810405389075	0.3747264605205071	0.37469739233556026
4950	0.3693508262437784	0.36932280025025294	0.36931219940576443	0.36931323570794705
5000	0.36494564438212895	0.36497404352500407	0.3649449756159196	0.36493605790040945
5050	0.39665861551765635	0.3966291367995752	0.3966285246771806	0.39662773704607174
5100	0.3670533671180174	0.3670939696917929	0.3670702139071889	0.3670694193860521
5150	0.39257831749177136	0.3926078270051129	0.39258779733000315	0.39256842138355874
5200	0.3848268926778048	0.38477404804034	0.3848016896900782	0.3848102401497879
5250	0.3809997506626116	0.3809898252078173	0.3809807575644364	0.3809735255386134
5300	0.36346129232396884	0.36354738591429875	0.36350568044535747	0.3634811617527185
5350	0.3832244657595201	0.38319555407393124	0.3832130755436016	0.3832187584224411
5400	0.3809823214013487	0.3809837917805054	0.38096070766517437	0.38095520451963993
5450	0.368877679833869	0.368859813848724	0.3688761098949726	0.3688657480721005
5500	0.3793494572093579	0.37936079568910513	0.37934476633180564	0.3793199166379467
5550	0.3823660025235205	0.38234539782430804	0.38234301370924795	0.3823434079253803
5600	0.36702816919626524	0.3670450908031401	0.36703675463235874	0.3670391591865263
5650	0.37070314240197266	0.3706766905288304	0.3707111734112635	0.37072666658408393
5700	0.36298704219232497	0.3630734802545944	0.36303081405135146	0.36300077818178544
5750	0.38307289943606265	0.38305486474822475	0.3830567943199877	0.38306423841848675
5800	0.36509759126567315	0.36512171031055835	0.3650987353640068	0.3650871175140806
5850	0.3670419775927589	0.3670374121246416	0.3670264351563107	0.36703002811964275
5900	0.38389786675870735	0.38386557500802293	0.38388014004854776	0.38389418340161663
5950	0.3761400305821526	0.3761774963940899	0.37614512652743926	0.37612222260796524
6000	0.36689615385621016	0.3668986032401132	0.3668950458353234	0.36690494657240386
6050	0.3783124078270519	0.3783338742576469	0.3783146577480294	0.37830419394611386
6100	0.3601584703242957	0.36016951959730065	0.36012230145397395	0.3601067155311932
6150	0.3887334583619601	0.3888239114614709	0.38878613898824504	0.38876287994283754
6200	0.3603070823003837	0.36037380902202715	0.3603363414154277	0.360310462991337
6250	0.3706595548016083	0.3706328795651367	0.3706500749939791	0.3706717875386975
6300	0.3629645369915981	0.3629837965866237	0.3629664011210741	0.3629468645198305
6350	0.4101854748478838	0.41020605857889364	0.41020407288755606	0.4102087609383365
6400	0.3922823286502824	0.39229343171838016	0.39227681559159827	0.3922671435532886
6450	0.36214161519719895	0.3621832741029842	0.36216209806728433	0.3621625557349836
6500	0.37928273704682247	0.3791830088223096	0.37924018907071344	0.37928420318876965
6550	0.38898114763505354	0.3890545174787441	0.38901599375853607	0.38898905330075667
6600	0.38031353020703323	0.3801997214059456	0.38028345445697026	0.38032781379248465
6650	0.4034492954747535	0.4035248301912292	0.40349145051603874	0.4034559605640489
6700	0.374994055902383	0.37501360628249064	0.3749735520192447	0.37495175233410905
6750	0.3890387048020939	0.3889678280235897	0.38901883644944024	0.3890472297579717
6800	0.37402027250399006	0.3740639732761898	0.37401825015693224	0.37399494841105857
6850	0.3893885374151414	0.3893373558053135	0.38937175107430994	0.38939179391365936
6900	0.36996207007874515	0.3700387502109218	0.36997721310590137	0.36994238027928966
6950	0.3862540927146733	0.3862001180356808	0.3862275113692809	0.38623619892392247
7000	0.38182354920228506	0.3818580572066453	0.38185435630410375	0.3818613590800218
7050	0.40644348599467717	0.4064485821835897	0.4064305313268826	0.40642669097374406
7100	0.3736456017162757	0.37370002785422907	0.373666042947203	0.37363780708184313
7150	0.3623274221178976	0.3623390296977797	0.3623376828619756	0.3623314434293273
7200	0.4009049657071813	0.4008714673070591	0.4008954003283315	0.40091433023217454
7250	0.3667960123080774	0.3667637046626185	0.36677352234738625	0.3667895383334639
7300	0.35834115833330676	0.35836607782827323	0.3583176595279442	0.3582968176567755
7350	0.377740120117871	0.3777120457101343	0.37769076392092316	0.37768203114479687
7400	0.3965739924978818	0.3965257224958578	0.3965371188054054	0.39653617495468924
7450	0.4011140491443791	0.40105493515086965	0.4010809667124607	0.40109784217361066
7500	0.366728273175397	0.36669933518319386	0.36670798375898006	0.3667125833239754
7550	0.38229091228930645	0.3822667789343034	0.38227857299954565	0.3822837557964428
7600	0.3715684893589753	0.3715071374647028	0.3715402079518675	0.371558039197847
7650	0.36654256805452234	0.3665142735072287	0.36650450832130643	0.36651387593016366
7700	0.3847935806901866	0.3848619792866681	0.3848008720050219	0.3847698215933485
7750	0.3777239966020625	0.3777648321783814	0.37774807124352816	0.37773908508747994
7800	0.37469536876122383	0.37463599422343447	0.37467720296171947	0.37471663034155295
7850	0.38163704807313387	0.381599841798576	0.38159565988590477	0.3816016922859934
7900	0.3885200420233787	0.38843400162768865	0.388467358760312	0.38848755920049893
7950	0.3778917426243697	0.37785974629450064	0.3778474772328784	0.3778410113639981
8000	0.352718000220992	0.3527792842137456	0.35270661231684697	0.3526614385797806
8050	0.39013591991536023	0.39010238218226856	0.3901567282593291	0.390178763826599
8100	0.3626979160711733	0.362710334865276	0.362675588194743	0.36267537270101896
8150	0.38163424709893645	0.3816136048394247	0.38162135722615803	0.38162539358832176
8200	0.3665294126670849	0.3665088569141107	0.36652402467174605	0.36652570530336376
8250	0.3846106053836186	0.3845650076828196	0.3845896522101506	0.38459637109885886
8300	0.3957080995821058	0.39571768999988577	0.39571762928761356	0.39571363085653816
8350	0.3894445773321207	0.3893465568898437	0.3894072065140197	0.3894304122484116
8400	0.381822259570832	0.3818819940106582	0.3818785305137968	0.3818829698728239
8450	0.3780844870642587	0.37811114295509757	0.3781072275056379	0.37811084587855925
8500	0.3666105809542932	0.3666184138152962	0.36662047270527254	0.3666185113569299
8550	0.36332369372934903	0.36331592800644513	0.36330621590655304	0.3633013786489058
8600	0.37619235526632333	0.3761164389833175	0.3761874768739989	0.3762364455566303
8650	0.3694023239331751	0.36936028721979264	0.3693758136949485	0.36940450270221287
8700	0.3639926736068628	0.36400851179777116	0.36400369427311596	0.3639968967120191
8750	0.3721370203313042	0.37204729334419756	0.37209836524041484	0.37212351602746324
8800	0.36102896245151744	0.36107410276134677	0.3610560252644388	0.3610367516063144
8850	0.38136466070895936	0.38134858353296225	0.3813536772141362	0.38136031527981146
8900	0.3812586613833451	0.38125934290850405	0.3812741507573953	0.3812775370460472
8950	0.36896543314592045	0.3689321860995363	0.368962265229294	0.36897417763839924
9000	0.37884330911681724	0.37888219365362297	0.37887764934225876	0.3788584752708816
9050	0.36930369764441207	0.36924555099170936	0.3692760865130764	0.3692840289598634
9100	0.37272083390231775	0.3726627000473082	0.3727170036320199	0.3727465711759206
9150	0.36658191914639965	0.36654687899726596	0.3665669952218669	0.3665815934035908
9200	0.3896535653248875	0.38958330622427867	0.38963512190027355	0.3896644716626252
9250	0.3696874402266881	0.3696358867871937	0.3696709577644533	0.36969312182101854
9300	0.37829148526637146	0.3782899246764039	0.37828771404118694	0.37827820513212235
9350	0.3630046745212959	0.3630031934105679	0.3630125852745568	0.3630061520364
9400	0.3623874865117994	0.36237912128531335	0.36236406655195547	0.3623640509022057
9450	0.38177990207854656	0.3817566733940963	0.3817642056302743	0.38177662205741203
9500	0.38553723367180337	0.38552568499865203	0.3855464590331272	0.38557136998096386
9550	0.37344757727935257	0.3734725205387201	0.37344426365978695	0.3734281848276398
9600	0.36681744032222136	0.36676227736020095	0.36678041660094696	0.3667891575689394
9650	0.3776394832573828	0.37763937131006997	0.37762675725166117	0.3776282764378125
9700	0.37763473820835386	0.3776053163296202	0.37759070859574506	0.37759338694533545
9750	0.36196361916925435	0.36200530718063345	0.3620058565812501	0.36199060901568714
9800	0.3714502742147904	0.3713659646552437	0.3713856610909555	0.3714164951548249
9850	0.3622557570758868	0.3622136383057161	0.36219889945542344	0.3621893327617062
9900	0.37085022875572826	0.37081789840042817	0.3708469022963782	0.3708785315494466
9950	0.3709892568329742	0.37097616440411385	0.3710021219544436	0.37101949270254686
10000	0.37381497027639016	0.37383923197712976	0.3738066292302119	0.37378744019631877
