0	0.5060024022854326	0.5060300175192408	0.5059655658488461	0.5059991414680763
50	0.48850776435598864	0.4885999689434161	0.488521567694332	0.4885364585146879
100	0.4757356380097204	0.4758102304100361	0.4757347677119262	0.4757274708976634
150	0.4627681114114757	0.462851977556548	0.4627811921161175	0.46277601897085235
200	0.45322504191275664	0.4533288203857685	0.4532675689831136	0.45325013051223756
250	0.4451702331485939	0.445273318203428	0.4451648696645589	0.44514675764582845
300	0.4351532195248514	0.4352804117613316	0.4351835719578006	0.43515597401143385
350	0.4263083681189475	0.4264434546548767	0.4263196353055927	0.4262860164323634
400	0.42596118077289763	0.42611232223974166	0.42600791411876293	0.42596227057881536
450	0.42290716611058954	0.4230692666813118	0.422961894861736	0.4229291385344181
500	0.40779232537258564	0.4079364457810291	0.40780152759284777	0.4077479526497142
550	0.40990923439854987	0.4100475260351129	0.40992913216681454	0.40986911196350506
600	0.40485453227693535	0.40505171999930684	0.4049316655824949	0.40487334430085814
650	0.41799900223600384	0.41812686521459097	0.41803960105808	0.4179855857926615
700	0.3952889064196879	0.3954718271519987	0.3953341817991325	0.395255404540057
750	0.3969233095594441	0.3971091133139048	0.3969805187900134	0.39689678458724076
800	0.4028018871320675	0.4029327388027347	0.40282658946428124	0.40273430660949894
850	0.39112194187587657	0.3912758827672797	0.39115633149561274	0.3910789090146211
900	0.38447014650935063	0.38464791938801096	0.38449520870679366	0.384417673949858
950	0.38524464413558174	0.38543342462823815	0.3853016313029197	0.38522590249007105
1000	0.38154071045985044	0.38166948072937096	0.3815122324613748	0.3814191854763404
1050	0.380120773784478	0.38030812356485244	0.38016622704942676	0.3800763602502969
1100	0.3885255250080668	0.38865696483411594	0.3885274099316831	0.3884526957821623
1150	0.3849921564451097	0.38514369716988517	0.3850129079118494	0.3849232092989426
1200	0.3899143747969063	0.390060302543971	0.3899378577056973	0.3898750270274845
1250	0.38895643867714486	0.38911146526715396	0.3890020123263563	0.3889361956930723
1300	0.3724184606513819	0.3726098373596603	0.3724528459196432	0.37235521137846467
1350	0.3771241198365776	0.37730263759384075	0.37717310786159863	0.37710097261961545
1400	0.3820049248398156	0.382170560387656	0.3820492938642987	0.38196058719274556
1450	0.3891312625208722	0.3892427066173465	0.38916817885868615	0.38911327400086354
1500	0.38638906001701256	0.3865124257617523	0.38642250103708387	0.3863547166443151
1550	0.37220973974344457	0.3723579078328819	0.37222843032865277	0.3721447708824024
1600	0.4013095528264121	0.4013887109502629	0.4013596354293459	0.40132067223421786
1650	0.37434681795377606	0.3744425703292058	0.37433197209022917	0.3742638395826695
1700	0.3904221205884044	0.3904976526236727	0.39040031142545456	0.39033086538384054
1750	0.3820347847454106	0.38215877385534036	0.3820656010860222	0.3819945282967676
1800	0.3790311137574856	0.37916717020571983	0.37904404228715594	0.3789712585762086
1850	0.36595121380115425	0.36608027012758726	0.36595698105610863	0.3658620032645228
1900	0.3690224360988196	0.3691376483902162	0.3690147745497423	0.36895449905164013
1950	0.38836102972591807	0.3884623302526731	0.3883872272857069	0.38835666748407754
2000	0.38071892681909786	0.38083109135524545	0.38073960626912173	0.3806839593334221
2050	0.3756066083283371	0.3756863918091804	0.37560991690440726	0.37555055000239307
2100	0.3838193535612874	0.38389826133838195	0.38383380273926554	0.38378892916335994
2150	0.3762678686223527	0.3764130091177985	0.3763162851589053	0.37625588949393296
2200	0.4073265700635504	0.40733316081139814	0.4073398610444522	0.40736078332372294
2250	0.36694314894525776	0.3670672031257449	0.3669608592917696	0.366896263691123
2300	0.3766445593086959	0.3767725608408551	0.376681741432801	0.3766127625309001
2350	0.3643058014008854	0.3644242495803738	0.3643120849565951	0.3642315627574491
2400	0.3857744278307283	0.3858833047679984	0.3858352162372336	0.3858101362992598
2450	0.39214774886928266	0.3922473003143644	0.39218319390110634	0.3921465364904561
2500	0.3701202938899084	0.37020431109111696	0.37012790757014946	0.3700737608147549
2550	0.3799962132550714	0.38005675849175957	0.37999399388095084	0.37993331431610977
2600	0.3651321057055822	0.3652273890731271	0.36513479780529356	0.365059841773504
2650	0.37998774667369956	0.38006696434631265	0.37998939436280477	0.3799466631531372
2700	0.3746155320532692	0.3746775902969134	0.37462453940519286	0.3746073550301579
2750	0.3852834531284018	0.38530001189367374	0.38526307870694687	0.3852453437607733
2800	0.3693610431433595	0.3694326752566713	0.36936437935414285	0.36932321464937273
2850	0.39191295867859116	0.39197769267953647	0.39192768844893433	0.3918879487141741
2900	0.37925243028696143	0.3793654328687793	0.37929721355234336	0.37924573966331426
2950	0.3691561668794965	0.36927034886574833	0.3691989102292365	0.36916387402755213
3000	0.3853101406705077	0.3853116344112878	0.3853292738049579	0.385378885817677
3050	0.3593308302677303	0.3594453626798149	0.3593372554728208	0.3592526280644907
3100	0.385825239530245	0.3858415210340826	0.3858155442503249	0.385813290408734
3150	0.375385670499534	0.37546957292815014	0.37539512873437236	0.3753417280102591
3200	0.37645113843153144	0.3764786233665194	0.37644779327010647	0.37645353875479703
3250	0.3759962383518692	0.3760295182756482	0.3760075434756049	0.37601592626171826
3300	0.37864484847519353	0.378728881963446	0.37867222568516296	0.3786398710588716
3350	0.3850665497183157	0.3850939860487045	0.38507788839804413	0.38506928158200077
3400	0.3651147004929299	0.36519558114121214	0.3651252741655454	0.3650703219072754
3450	0.37864046250410455	0.3787051259869763	0.3786531354990322	0.37861678897838097
3500	0.3720524300027744	0.37206795410712823	0.37204754322913547	0.37203182605155277
3550	0.38923765157305024	0.38929452043683627	0.38924343203349204	0.38919844463975306
3600	0.3815367658448762	0.3816130218690503	0.38155615499166645	0.38155091528806456
3650	0.36841800294808846	0.3684062727827424	0.368370552036249	0.3683318073888033
3700	0.37770726757229517	0.37777809787529976	0.3777185524874515	0.3776759263524234
3750	0.37041840263440123	0.3704516352092478	0.3704306514384307	0.3704114765655662
3800	0.36290959139910467	0.36296124609718533	0.36288930178377893	0.3628377016542952
3850	0.3891063366498513	0.38917836522215066	0.38912640197760784	0.38907729303727445
3900	0.3842779592495567	0.3842971959762588	0.3842887148114851	0.38428128628953023
3950	0.37885153497776003	0.3788676360096785	0.37882305821363443	0.37879198860945235
4000	0.38384745047028845	0.38387653676545563	0.3838561956157361	0.38385005936055694
4050	0.370341844531441	0.3703911817515415	0.3703524074615561	0.37035103966247673
4100	0.37434813775184717	0.3743546627004227	0.3743594802969676	0.3743791763306339
4150	0.3725975021420355	0.3726218864883189	0.3725929701863745	0.3726130923135709
4200	0.3653642066060765	0.36542031633473215	0.36535425343855943	0.3653251816551941
4250	0.3706642864454187	0.37071041838295515	0.3706884962003142	0.37068406021997774
4300	0.3644231240414076	0.3644690318992398	0.3644141036643852	0.36437853373070694
4350	0.36772888702297174	0.36776035404954227	0.36771614799765817	0.3677038426459589
4400	0.3786860372768453	0.37872898984508313	0.37869639361460117	0.37866393575273033
4450	0.36478566059617185	0.364832253242403	0.36478167856676597	0.3647437293135639
4500	0.37027582372203927	0.37029760546588814	0.37027161063428365	0.3702728840138532
4550	0.37035292113725565	0.3703547462387814	0.3703377350625211	0.37033879605532244
4600	0.35907280305257755	0.3591005040222501	0.35903059853287056	0.3589690343339032
4650	0.3653616432070263	0.3654421052133551	0.36540023314939246	0.36537759342001563
4700	0.36502278725287685	0.365083051835729	0.3650488212445587	0.3650166418160513
4750	0.37566085159803014	0.37575170347176734	0.37570622019751154	0.3756669433453911
4800	0.3733606894153616	0.3733638921022239	0.373362582954335	0.3733827847783996
4850	0.3676681312985752	0.36769192318142574	0.36764826286281904	0.36764747981051293
4900	0.37346300494148243	0.37344915424600056	0.37346699106770787	0.37348491165814746
4950	0.39994650743946264	0.39989816649668547	0.39992253658043253	0.39995272791968717
5000	0.36468209255011536	0.36470626447421156	0.3646745490131101	0.3646449834602244
5050	0.3588276597463478	0.35888704508666325	0.3588099251599849	0.35874310259192205
5100	0.3728161882901313	0.37285467374705783	0.37285988728076186	0.3728866023515526
5150	0.39214119439213513	0.3921680919973191	0.3921417179648399	0.3921279747353814
5200	0.3703218324526098	0.3703078858025137	0.37030195691376533	0.37030403073194046
5250	0.3845963257819427	0.3845625842536529	0.38457165241896896	0.3845843046720049
5300	0.36737811210021115	0.36741712130228155	0.36738333706259574	0.3673856368185338
5350	0.3637220162736418	0.36375977290206457	0.3637183549443873	0.3636848360329282
5400	0.3815483741695161	0.381613253967509	0.38159874069442823	0.3815964263985677
