0	0.501631614214943	0.5017051760366015	0.5017156674268537	0.5016757624072415
50	0.4892719212708239	0.4894064025431107	0.48936622017470016	0.48930902207040516
100	0.4785235396172166	0.4786622377008782	0.4785663204078548	0.4785284530401566
150	0.474220977279657	0.4743599327495317	0.4742673859491763	0.47419515958227454
200	0.46248304672700385	0.46260882804044623	0.46249046609322914	0.46244087821994545
250	0.455332742475776	0.4555151927631818	0.45537191537494975	0.4552734751172854
300	0.45945684735340764	0.4596953337824594	0.4595616906271141	0.4594417750696619
350	0.4490945379759669	0.4493585961583152	0.4491975994426157	0.4490435418460112
400	0.443417416251224	0.4436719029082742	0.4435077686775126	0.44335746551177485
450	0.43212466288554224	0.43244886121903	0.4322587267794238	0.4321081850044894
500	0.4349048639763875	0.4352449294307027	0.4350422426658759	0.43483182564744693
550	0.42428424648292734	0.42471268592543393	0.42447421616210707	0.4242420352780069
600	0.42722361168579137	0.427593425663351	0.4273699600897925	0.42715756818816997
650	0.416654951624653	0.4170259048323963	0.41676300679614603	0.4165790963140597
700	0.4137789144226217	0.4142093169717415	0.4139231465214704	0.41368441797516997
750	0.4104924274271843	0.41094327678130205	0.4106223238517634	0.41036958208231267
800	0.42300203301342537	0.4234433818105924	0.4232129720061716	0.4229389056886955
850	0.40475646302672547	0.40523686112391993	0.40489166685699185	0.4046582535471005
900	0.40193203200812017	0.4023842032379223	0.4020644487066118	0.40182137642424415
950	0.39990635819281894	0.4004095378022203	0.40004243364017006	0.3997737114256713
1000	0.4060692089716048	0.4064825384571974	0.40615082827561977	0.4059178633370366
1050	0.4291752924428232	0.4295594510166004	0.42933076908014556	0.4291040865990151
1100	0.3941175787769305	0.3946801942016417	0.3943004330612461	0.39403657535289904
1150	0.4007815164510883	0.4012938837964446	0.4009509375905212	0.4006996811222352
1200	0.39985088492288146	0.4003358106167427	0.3999899323298699	0.399737531571294
1250	0.38868961209506897	0.38920381759235145	0.3887907152259292	0.38857571242779765
1300	0.3887298722334974	0.38928652966193145	0.3888921335128929	0.38859710524046276
1350	0.3857996618780249	0.38631546684096446	0.38587345167848497	0.3856561973096467
1400	0.38436932448723354	0.3848787646300972	0.3844672425275406	0.3842282995274422
1450	0.3844342155836581	0.3849691727014682	0.38453547426575513	0.3842775289039124
1500	0.4124267566367758	0.4128664036726072	0.4125992047249355	0.4123457637196989
1550	0.38275422748393206	0.38326667442077245	0.3828753000203348	0.3826164272881791
1600	0.38060104167735104	0.38104695155078383	0.38062140852359094	0.38040774451311155
1650	0.3821184123585744	0.38262246619924994	0.3822118565219342	0.38191402772684263
1700	0.38442240567378283	0.38499421430325115	0.38459293208888584	0.3843005526830293
1750	0.38069559862511854	0.3812054749852026	0.38079947076362164	0.38053727415794714
1800	0.3914452555487149	0.39194496284462316	0.39160203417858536	0.391331716259714
1850	0.38641284010429827	0.38685515772155427	0.3864930267612855	0.38630179978552504
1900	0.37699691618496634	0.3774771710941593	0.37711147738873574	0.37686013036220684
1950	0.3770172807461709	0.37748636948875197	0.37712613961318564	0.37689495867767453
2000	0.3881923576534026	0.3886069759303036	0.3882794800772931	0.3880588492865534
2050	0.4047225121435123	0.40503714487293674	0.4047717767750841	0.4045688506424872
2100	0.37981250030769326	0.38033246136442167	0.37993706261361976	0.37968421787643436
2150	0.3871210259528218	0.38753037292847226	0.38719074333799536	0.3869748513954598
2200	0.3780802360179994	0.3785223521636992	0.3781674771899109	0.3779288153671284
2250	0.3814685445749738	0.38177416152386007	0.3814536524185134	0.38128454477194546
2300	0.40678967940889255	0.4071301174271546	0.4068801503395182	0.4066805883591034
2350	0.38994282960713483	0.3903602887946571	0.3900732499690781	0.3898377085648086
2400	0.3963843269915546	0.39674069306475146	0.396485711703211	0.3962852954289286
2450	0.37445242717919963	0.3748775083735803	0.37453668176783417	0.37434378178598327
2500	0.3802011579520492	0.3805771736210875	0.38026704614806794	0.3800729556223232
2550	0.37130282769723105	0.3716808918698864	0.3713501081596958	0.37117244921433673
2600	0.4019943305112462	0.40233064035376587	0.4021156989016513	0.40191366844007714
2650	0.38181832955360717	0.3821416284338961	0.38184295813829255	0.38166561852025044
2700	0.38969060763414753	0.3899745287614125	0.38972935038790135	0.3895617440091136
2750	0.39559162203340104	0.3958727689722054	0.39564969021065405	0.39550065974324417
2800	0.3752427197498115	0.37555637789049257	0.3752453412652602	0.37511108042866953
2850	0.3697724588852636	0.3701337878862447	0.36983847504744566	0.3696619308748678
2900	0.37586941196903256	0.37621083972189856	0.3759437280107312	0.37576979159609963
2950	0.37464631161818607	0.3749383773304964	0.3746477049863149	0.37450854651668075
3000	0.389285814571174	0.3895583390233942	0.3893345436080985	0.38917353953518646
3050	0.39464343455847894	0.39489798254223746	0.3946912918646499	0.39453789446695126
3100	0.37481813638270944	0.375122791062465	0.3748754689628998	0.3747137015802619
3150	0.39215754243773254	0.39235142196801226	0.39214679120273854	0.39202530228121196
3200	0.3947092223373239	0.3949432352911343	0.39474097081705095	0.3946038701149526
3250	0.3944288882265387	0.39465736822459796	0.39448195811053893	0.39434919943429186
3300	0.3758889682433689	0.3761932587454526	0.3759533387376531	0.375805782049398
3350	0.36923629337491143	0.36948363601411055	0.36920953855638106	0.3691008183441938
3400	0.3668543914467509	0.3670334240531731	0.3667781996899351	0.36669665522194017
3450	0.3755429720263318	0.3757889985207694	0.3755759010402742	0.3754421641041166
3500	0.3803904459615289	0.38058497001151503	0.3803788681372819	0.3802706359551926
3550	0.3777114988909709	0.3778930741476384	0.3776765526377568	0.3775884692119576
3600	0.3872734396194373	0.38742265848425067	0.3872314036808148	0.38713439936649013
3650	0.3684384449164316	0.36863697241556503	0.3684308868693173	0.368316025689299
3700	0.38021248780014516	0.3804013974079439	0.38020228811230916	0.38011237555649274
3750	0.37047122557193624	0.37069378046197865	0.3704935018940199	0.37037281950925205
3800	0.38240105088479237	0.3825671695747961	0.38238689184310737	0.382297980586418
3850	0.3917103629128751	0.3918849488392236	0.39172926390536295	0.3916196439240547
3900	0.3726828923436736	0.37282758783257963	0.3726445935219627	0.3725453494863744
3950	0.3683850820321546	0.36855745109748156	0.3683677828263103	0.36827496578972724
4000	0.3657446788612438	0.3658816863953344	0.3656939855810719	0.36560767951202394
4050	0.3918139232437926	0.3919273840288879	0.39178995750822654	0.39170506613501
4100	0.3802152213013198	0.3803270379415974	0.38015718929724324	0.38009278933392043
4150	0.38355036384459607	0.3837256479852878	0.38356474254782114	0.3834537790118244
4200	0.3793163133086958	0.37941098480977914	0.3792960643278741	0.37923492995579383
4250	0.37230549659062573	0.372470198611523	0.37231197031008023	0.37220893851032344
4300	0.38167464882710644	0.38181009221074635	0.38166982151029866	0.3815828990733449
4350	0.3698190129291729	0.3699594591421002	0.36981307957833537	0.36971947704932406
4400	0.37809771809113024	0.3781892858078513	0.37806115042367916	0.37801838515542663
4450	0.3711112162481668	0.37123531073388566	0.3710756131622809	0.3709856113174049
4500	0.38305523119317886	0.3831721408240454	0.38304167890490337	0.3829629555610906
4550	0.36963591608867663	0.3697199331133459	0.3695854712534848	0.36952570750567815
4600	0.3695476973915133	0.36964507650439854	0.3695111274662051	0.3694575835683808
4650	0.3658948725634272	0.3660076740075985	0.36587355443959424	0.3658171922119846
4700	0.3799328897686519	0.38002981272632197	0.3798924317433505	0.379843193593134
4750	0.3692657117409525	0.3693792364828467	0.3692617301674043	0.3692050669193292
4800	0.38151899269404527	0.38161537158047043	0.3815083695966378	0.3814349497889375
4850	0.37822750756243273	0.37830591297421534	0.3781776607920022	0.3781324075789456
4900	0.37088915985259785	0.37099437241455896	0.3708665320455779	0.3707946923879068
4950	0.3907606269046108	0.3908266387395042	0.3907157301293387	0.3906750638000788
5000	0.3678211506266863	0.36787733498464925	0.3677786760081579	0.36774189001737895
5050	0.3947213935974373	0.3948227065707281	0.3947270385523631	0.39464258597188556
5100	0.3798829998315946	0.37997566808250344	0.37986571699089045	0.3798101353622565
5150	0.3709338945544942	0.37098509059617174	0.3708960163878902	0.37084003786023606
5200	0.3690174101306874	0.3690696422213031	0.3689634595576337	0.36893098110690525
5250	0.37373193725660636	0.3738518712471748	0.3737432972349125	0.3736900631178345
5300	0.3737012111819779	0.3737632451481667	0.37367106925837723	0.37363216593252807
5350	0.3664926451258281	0.36654682315086995	0.3664526964605387	0.36640685330313694
5400	0.38694343495013167	0.3870109659874094	0.386933604454255	0.3868950657734207
5450	0.3815981381490789	0.38161690545755944	0.3815405064045366	0.38150295057753475
5500	0.38908115065702464	0.38909056059472685	0.38899920800103815	0.3889584855041455
5550	0.36622763296718164	0.3662516284310568	0.3661711703304557	0.36615712574722364
5600	0.38714101089012415	0.38715416443675604	0.3871149016761246	0.38705976008693227
5650	0.3844598527715272	0.3844976486280993	0.38440953077783846	0.384378468417956
5700	0.36578160812819394	0.3658435271344174	0.3657496943016197	0.36572241493035684
5750	0.36564824759865217	0.365677417709985	0.36558860492886575	0.36556249067244384
5800	0.37604303594906363	0.37606442117858485	0.37596748366747595	0.3759410121972596
5850	0.3941379190470577	0.39417697562532517	0.39409827944986	0.3940524184183335
5900	0.3786000046185115	0.37862611558679665	0.3785406232229107	0.3785173990240919
5950	0.36877230868698385	0.36881929232230654	0.3687615520345937	0.36874691892152617
6000	0.38837781929464726	0.3884399437546614	0.3883542541361384	0.38833925876206726
6050	0.3755764179172444	0.37558851177875013	0.3755174113777336	0.37548927798238335
6100	0.368731270612594	0.36874227110959795	0.36869003540682427	0.3686860556985559
6150	0.3850504451610515	0.3850603736601836	0.3850081777202173	0.38499359708884345
6200	0.38527245849289415	0.38528571267023903	0.3852496046080346	0.3852236304501125
6250	0.3856593137375596	0.3856499585898066	0.3856212557862814	0.3856224738521598
6300	0.38182390097304114	0.3818381831645989	0.3817842582543168	0.3817575971456116
6350	0.38496448608938993	0.3849857839098788	0.38494790510484594	0.38492683362254965
6400	0.36556721865201525	0.36555724059729355	0.3655066835204178	0.3655068189537157
6450	0.3847310991312378	0.3847499082625498	0.38472290863637615	0.3847118525570968
6500	0.37559970839183365	0.37560617179918904	0.37554482811723783	0.37551825823984275
6550	0.3816975879890921	0.38168706370703626	0.38163102576378644	0.3816306779940221
6600	0.3656014532068885	0.36556390599685323	0.36552002768233066	0.36551477933304105
6650	0.365409411430901	0.3654165648959755	0.36534809617654496	0.365348154689696
6700	0.3815873614826936	0.38157460599784443	0.381525688351971	0.38152934994072996
6750	0.3888963714078067	0.3889254624587129	0.3888449557012704	0.38882473252464594
6800	0.3843673406231829	0.38437961147394467	0.3843518632992107	0.3843322335007881
6850	0.37860284409305994	0.37862294852193923	0.3785672414828572	0.37855343954938764
6900	0.36840555946634573	0.36836416179810955	0.36832463691202	0.36833129993745856
6950	0.3915219528756143	0.3915318875860614	0.39146543322657124	0.39144375069954424
7000	0.3915898411212562	0.39159754222255416	0.39153756705018805	0.39151665680261516
7050	0.3736732957697774	0.3736750909989999	0.3735965464427205	0.3736008123393924
7100	0.38850475973863635	0.3885167748706308	0.3885043394255352	0.388476697494171
7150	0.36324612422529007	0.3632119851720213	0.36315002725442697	0.36316133354250096
7200	0.35985458868203357	0.3598541315259004	0.35979796373985357	0.35980425168953556
7250	0.3655657193452607	0.3655785417747346	0.36554452599575393	0.3655400439812986
7300	0.3893248639928545	0.389354600187806	0.3892846910381765	0.3892676053674193
7350	0.38571771902876717	0.38571527925735455	0.3856828205238326	0.3856761245866701
7400	0.36285664354647335	0.3628151970913085	0.3627796308698172	0.3627966460490144
7450	0.3916898609323691	0.39172775308414287	0.39168072307277707	0.3916597913313843
7500	0.36819038599058124	0.3681680114474937	0.3681392371711438	0.3681610605127814
7550	0.3867604180284108	0.3867376570707989	0.386727473573944	0.386731820703418
7600	0.3813031282098448	0.38127276481787004	0.38123954254912856	0.3812458415812062
7650	0.37627211695697504	0.3762448662883002	0.37621282514040055	0.37620697251810753
7700	0.365209092138214	0.3651570760262071	0.3651266872202631	0.3651523718342597
7750	0.3619716895020982	0.3619518504591836	0.3618970300484529	0.3618986839141853
7800	0.36479509715778874	0.36475236100293207	0.36470898631461984	0.36474174834275863
7850	0.3647976003590746	0.3647362356411654	0.36470538389747686	0.364724635045523
7900	0.3815016564737035	0.3814932264913651	0.3814538061172995	0.3814577604447563
7950	0.373651629901417	0.3736158152269755	0.3736381674953986	0.37364250649199265
8000	0.38693826328869496	0.3868864418356516	0.3868771531955155	0.3868762017780321
8050	0.36229007130237567	0.3622393485687166	0.36218514881866315	0.3622268301432709
8100	0.3740774717458775	0.37403037018943736	0.37403364879890866	0.37406037361560557
8150	0.36786015057905813	0.36782285741418996	0.36780627318296966	0.3678239113033451
8200	0.37367327788948207	0.3736437640948822	0.37364959517921054	0.37368069836188894
8250	0.39963518167010703	0.3996733757110294	0.39966864738087	0.39964726238463655
8300	0.36784858978884166	0.36781056509415677	0.36780788829654554	0.36784653266692213
8350	0.3814303646226601	0.3814098032887538	0.38138094804807565	0.3813906613757754
8400	0.38931215481189363	0.3892961562751293	0.3893046132746756	0.3893042811022995
8450	0.3728678137063827	0.3728385663042836	0.3728615256685643	0.37286438833798713
8500	0.36539165455340306	0.3653278338993132	0.36530843286018533	0.365335396629608
8550	0.40460789210801923	0.4046364445053311	0.4045957180497271	0.40455821787613444
8600	0.37045632673400153	0.3703749338936091	0.3703755821175132	0.370396312268285
8650	0.3733337250129397	0.37323348882266877	0.3732716895910469	0.37330629302101226
8700	0.4023188726570007	0.40235654021144124	0.4022997855864035	0.40226463839526855
8750	0.370428569338984	0.3704102251168128	0.3704278846090914	0.37044881716736094
8800	0.3730581074258268	0.3730028222957033	0.37303111866789457	0.37305874487503343
8850	0.36487183216912905	0.3648220030459529	0.36481510088203617	0.3648501622790185
8900	0.3785881611499233	0.3785416825992496	0.3785223408866956	0.37850962787456044
8950	0.3677031266043197	0.3676570227330508	0.36765314177580577	0.3676979615283952
9000	0.3785293772600396	0.3785161464136089	0.378475833946834	0.3784765072509817
9050	0.36428589212938917	0.36424590409520285	0.3642269616129004	0.3642538417579189
9100	0.3610073419482681	0.3609724095411118	0.36093794465666035	0.3609690733667622
9150	0.36753771754590775	0.36749174223430087	0.3674972928445727	0.36751336007912533
9200	0.395023288898748	0.39501646428120285	0.3950030425753549	0.3949938264740855
9250	0.37512496806555096	0.3751297612088922	0.3750802771913687	0.3750783495194093
9300	0.3639341823065362	0.3638986293924956	0.3638846286745641	0.36390244445665954
9350	0.4182224014126163	0.4182449732464435	0.41819981734540523	0.41813842156696146
9400	0.37125676871835234	0.37122227424922216	0.37122934235435884	0.3712335339481574
9450	0.3890756277606763	0.38903031053035525	0.389064625789351	0.38908591674065096
9500	0.37157614038134634	0.37152011511867594	0.3715542197530792	0.3715954949820066
9550	0.36744101697281756	0.36739741932134046	0.3673918769987544	0.36742787105323677
9600	0.358605013858669	0.3585732583858976	0.3585374963764366	0.3585361112195347
9650	0.3675498486691223	0.36752062849099587	0.3675212113086796	0.36754881183557375
9700	0.3631162656296075	0.3630993962623975	0.3630822804175016	0.3631046937844004
9750	0.382049782022922	0.38201110995828086	0.3819993535865359	0.38201936976345013
9800	0.37191105671131375	0.37183339472161403	0.37185958677478265	0.3719078584837133
9850	0.3734393017857101	0.3734595964695836	0.37341225986281235	0.3734022726865306
9900	0.37778577344425585	0.3777755490107502	0.3777330637321569	0.3777359991153468
9950	0.370028840062203	0.3699993874772571	0.3699217036506597	0.3699133584623898
10000	0.39192764845754835	0.3919255174441469	0.39189172253767407	0.3918788623830853
0	0.4940313870511299	0.4940890106581534	0.4940849540856084	0.49403050770500156
