0	0.5003951957918921	0.5004691706970232	0.500482194228035	0.5004343464023505
50	0.48288025886779606	0.48298268374455394	0.48296883403598667	0.4829147450785489
100	0.46675414964051576	0.4669083556999366	0.46686241362377157	0.46677636560823255
150	0.45504705352310204	0.4552150839388809	0.45515633872773287	0.4550655541346207
200	0.4433243202902793	0.44351392377586163	0.44343146181379456	0.44331857503138933
250	0.4387456498125443	0.4389461443603223	0.4388575375866333	0.4387611009788132
300	0.4275662677867496	0.4277607566817863	0.4276663725009491	0.4275522488318628
350	0.42561376373221294	0.4258054040217717	0.425698392365094	0.42559335243458307
400	0.4083366615028032	0.40858366996066353	0.4084463536355616	0.4083400999918716
450	0.41381430273067327	0.4139897980795254	0.4138805413277497	0.41377452322305064
500	0.39861122624018475	0.39886183712589995	0.39873478081414027	0.3986103578511942
550	0.4090592315668676	0.40923646539821407	0.40913038075032093	0.4090441686245226
600	0.39199401287123076	0.3922180932612212	0.39207493694224615	0.3919785865030406
650	0.40013227882514524	0.40032447547468003	0.4002221611591058	0.4001289662808228
700	0.38751207352131284	0.3877420541958055	0.38759616016088894	0.3874953012605696
750	0.38960762303832536	0.38983878592273624	0.3897091483530129	0.38961205853173825
800	0.38263507305011524	0.382895360667272	0.3827699143608539	0.3826634938703941
850	0.39328464491709314	0.3934809483878917	0.3933709450219737	0.3932841584414126
900	0.3862934097652451	0.38647197550719414	0.3863734583028023	0.38626891934736185
950	0.38764443500261486	0.38780129190870133	0.38770860562904075	0.3876206085135665
1000	0.3811266491384195	0.38137483097457725	0.38124343179805675	0.3811512560593017
